0 1 0
0 2 0
0 3 0
0 4 0
0 5 0
0 6 0
0 7 0
0 8 0
0 9 0
0 10 0
0 11 0
0 12 0
0 13 0
0 14 0
0 15 0
0 16 0
0 17 0
0 18 0
0 19 0
0 20 0
0 21 0
0 22 0
0 23 0
0 24 0
0 25 0
0 26 0
0 27 0
0 28 0
0 29 0
1 2 0
1 3 0
1 4 0
1 5 0
1 6 0
1 7 0
1 8 0
1 9 0
1 10 0
1 11 0
1 12 0
1 13 0
1 14 0
1 15 0
1 16 0
1 17 0
1 18 0
1 19 0
1 20 0
1 21 0
1 22 0
1 23 0
1 24 0
1 25 0
1 26 0
1 27 0
1 28 0
1 29 0
2 3 0
2 4 0
2 5 0
2 6 0
2 7 0
2 8 0
2 9 0
2 10 0
2 11 0
2 12 0
2 13 0
2 14 0
2 15 0
2 16 0
2 17 0
2 18 0
2 19 0
2 20 0
2 21 0
2 22 0
2 23 0
2 24 0
2 25 0
2 26 0
2 27 0
2 28 0
2 29 0
3 4 0
3 5 0
3 6 0
3 7 0
3 8 0
3 9 0
3 10 0
3 11 0
3 12 0
3 13 0
3 14 0
3 15 0
3 16 0
3 17 0
3 18 0
3 19 0
3 20 0
3 21 0
3 22 0
3 23 0
3 24 0
3 25 0
3 26 0
3 27 0
3 28 0
3 29 0
4 5 0
4 6 0
4 7 0
4 8 0
4 9 0
4 10 0
4 11 0
4 12 0
4 13 0
4 14 0
4 15 0
4 16 0
4 17 0
4 18 0
4 19 0
4 20 0
4 21 0
4 22 0
4 23 0
4 24 0
4 25 0
4 26 0
4 27 0
4 28 0
4 29 0
5 6 0
5 7 0
5 8 0
5 9 0
5 10 0
5 11 0
5 12 0
5 13 0
5 14 0
5 15 0
5 16 0
5 17 0
5 18 0
5 19 0
5 20 0
5 21 0
5 22 0
5 23 0
5 24 0
5 25 0
5 26 0
5 27 0
5 28 0
5 29 0
6 7 0
6 8 0
6 9 0
6 10 0
6 11 0
6 12 0
6 13 0
6 14 0
6 15 0
6 16 0
6 17 0
6 18 0
6 19 0
6 20 0
6 21 0
6 22 0
6 23 0
6 24 0
6 25 0
6 26 0
6 27 0
6 28 0
6 29 0
7 8 0
7 9 0
7 10 0
7 11 0
7 12 0
7 13 0
7 14 0
7 15 0
7 16 0
7 17 0
7 18 0
7 19 0
7 20 0
7 21 0
7 22 0
7 23 0
7 24 0
7 25 0
7 26 0
7 27 0
7 28 0
7 29 0
8 9 0
8 10 0
8 11 0
8 12 0
8 13 0
8 14 0
8 15 0
8 16 0
8 17 0
8 18 0
8 19 0
8 20 0
8 21 0
8 22 0
8 23 0
8 24 0
8 25 0
8 26 0
8 27 0
8 28 0
8 29 0
9 10 0
9 11 0
9 12 0
9 13 0
9 14 0
9 15 0
9 16 0
9 17 0
9 18 0
9 19 0
9 20 0
9 21 0
9 22 0
9 23 0
9 24 0
9 25 0
9 26 0
9 27 0
9 28 0
9 29 0
10 11 0
10 12 0
10 13 0
10 14 0
10 15 0
10 16 0
10 17 0
10 18 0
10 19 0
10 20 0
10 21 0
10 22 0
10 23 0
10 24 0
10 25 0
10 26 0
10 27 0
10 28 0
10 29 0
11 12 0
11 13 0
11 14 0
11 15 0
11 16 0
11 17 0
11 18 0
11 19 0
11 20 0
11 21 0
11 22 0
11 23 0
11 24 0
11 25 0
11 26 0
11 27 0
11 28 0
11 29 0
12 13 0
12 14 0
12 15 0
12 16 0
12 17 0
12 18 0
12 19 0
12 20 0
12 21 0
12 22 0
12 23 0
12 24 0
12 25 0
12 26 0
12 27 0
12 28 0
12 29 0
13 14 0
13 15 0
13 16 0
13 17 0
13 18 0
13 19 0
13 20 0
13 21 0
13 22 0
13 23 0
13 24 0
13 25 0
13 26 0
13 27 0
13 28 0
13 29 0
14 15 0
14 16 0
14 17 0
14 18 0
14 19 0
14 20 0
14 21 0
14 22 0
14 23 0
14 24 0
14 25 0
14 26 0
14 27 0
14 28 0
14 29 0
15 16 0
15 17 0
15 18 0
15 19 0
15 20 0
15 21 0
15 22 0
15 23 0
15 24 0
15 25 0
15 26 0
15 27 0
15 28 0
15 29 0
16 17 0
16 18 0
16 19 0
16 20 0
16 21 0
16 22 0
16 23 0
16 24 0
16 25 0
16 26 0
16 27 0
16 28 0
16 29 0
17 18 0
17 19 0
17 20 0
17 21 0
17 22 0
17 23 0
17 24 0
17 25 0
17 26 0
17 27 0
17 28 0
17 29 0
18 19 0
18 20 0
18 21 0
18 22 0
18 23 0
18 24 0
18 25 0
18 26 0
18 27 0
18 28 0
18 29 0
19 20 0
19 21 0
19 22 0
19 23 0
19 24 0
19 25 0
19 26 0
19 27 0
19 28 0
19 29 0
20 21 0
20 22 0
20 23 0
20 24 0
20 25 0
20 26 0
20 27 0
20 28 0
20 29 0
21 22 0
21 23 0
21 24 0
21 25 0
21 26 0
21 27 0
21 28 0
21 29 0
22 23 0
22 24 0
22 25 0
22 26 0
22 27 0
22 28 0
22 29 0
23 24 0
23 25 0
23 26 0
23 27 0
23 28 0
23 29 0
24 25 0
24 26 0
24 27 0
24 28 0
24 29 0
25 26 0
25 27 0
25 28 0
25 29 0
26 27 0
26 28 0
26 29 0
27 28 0
27 29 0
28 29 0
30 31 0
30 32 0
30 33 0
30 34 0
30 35 0
30 36 0
30 37 0
30 38 0
30 39 0
30 40 0
30 41 0
30 42 0
30 43 0
30 44 0
30 45 0
30 46 0
30 47 0
30 48 0
30 49 0
30 50 0
30 51 0
30 52 0
30 53 0
30 54 0
31 32 0
31 33 0
31 34 0
31 35 0
31 36 0
31 37 0
31 38 0
31 39 0
31 40 0
31 41 0
31 42 0
31 43 0
31 44 0
31 45 0
31 46 0
31 47 0
31 48 0
31 49 0
31 50 0
31 51 0
31 52 0
31 53 0
31 54 0
32 33 0
32 34 0
32 35 0
32 36 0
32 37 0
32 38 0
32 39 0
32 40 0
32 41 0
32 42 0
32 43 0
32 44 0
32 45 0
32 46 0
32 47 0
32 48 0
32 49 0
32 50 0
32 51 0
32 52 0
32 53 0
32 54 0
33 34 0
33 35 0
33 36 0
33 37 0
33 38 0
33 39 0
33 40 0
33 41 0
33 42 0
33 43 0
33 44 0
33 45 0
33 46 0
33 47 0
33 48 0
33 49 0
33 50 0
33 51 0
33 52 0
33 53 0
33 54 0
34 35 0
34 36 0
34 37 0
34 38 0
34 39 0
34 40 0
34 41 0
34 42 0
34 43 0
34 44 0
34 45 0
34 46 0
34 47 0
34 48 0
34 49 0
34 50 0
34 51 0
34 52 0
34 53 0
34 54 0
35 36 0
35 37 0
35 38 0
35 39 0
35 40 0
35 41 0
35 42 0
35 43 0
35 44 0
35 45 0
35 46 0
35 47 0
35 48 0
35 49 0
35 50 0
35 51 0
35 52 0
35 53 0
35 54 0
36 37 0
36 38 0
36 39 0
36 40 0
36 41 0
36 42 0
36 43 0
36 44 0
36 45 0
36 46 0
36 47 0
36 48 0
36 49 0
36 50 0
36 51 0
36 52 0
36 53 0
36 54 0
37 38 0
37 39 0
37 40 0
37 41 0
37 42 0
37 43 0
37 44 0
37 45 0
37 46 0
37 47 0
37 48 0
37 49 0
37 50 0
37 51 0
37 52 0
37 53 0
37 54 0
38 39 0
38 40 0
38 41 0
38 42 0
38 43 0
38 44 0
38 45 0
38 46 0
38 47 0
38 48 0
38 49 0
38 50 0
38 51 0
38 52 0
38 53 0
38 54 0
39 40 0
39 41 0
39 42 0
39 43 0
39 44 0
39 45 0
39 46 0
39 47 0
39 48 0
39 49 0
39 50 0
39 51 0
39 52 0
39 53 0
39 54 0
40 41 0
40 42 0
40 43 0
40 44 0
40 45 0
40 46 0
40 47 0
40 48 0
40 49 0
40 50 0
40 51 0
40 52 0
40 53 0
40 54 0
41 42 0
41 43 0
41 44 0
41 45 0
41 46 0
41 47 0
41 48 0
41 49 0
41 50 0
41 51 0
41 52 0
41 53 0
41 54 0
42 43 0
42 44 0
42 45 0
42 46 0
42 47 0
42 48 0
42 49 0
42 50 0
42 51 0
42 52 0
42 53 0
42 54 0
43 44 0
43 45 0
43 46 0
43 47 0
43 48 0
43 49 0
43 50 0
43 51 0
43 52 0
43 53 0
43 54 0
44 45 0
44 46 0
44 47 0
44 48 0
44 49 0
44 50 0
44 51 0
44 52 0
44 53 0
44 54 0
45 46 0
45 47 0
45 48 0
45 49 0
45 50 0
45 51 0
45 52 0
45 53 0
45 54 0
46 47 0
46 48 0
46 49 0
46 50 0
46 51 0
46 52 0
46 53 0
46 54 0
47 48 0
47 49 0
47 50 0
47 51 0
47 52 0
47 53 0
47 54 0
48 49 0
48 50 0
48 51 0
48 52 0
48 53 0
48 54 0
49 50 0
49 51 0
49 52 0
49 53 0
49 54 0
50 51 0
50 52 0
50 53 0
50 54 0
51 52 0
51 53 0
51 54 0
52 53 0
52 54 0
53 54 0
55 56 0
55 57 0
55 58 0
55 59 0
55 60 0
55 61 0
55 62 0
55 63 0
55 64 0
55 65 0
55 66 0
55 67 0
55 68 0
55 69 0
55 70 0
55 71 0
55 72 0
55 73 0
55 74 0
55 75 0
55 76 0
55 77 0
55 78 0
55 79 0
55 80 0
55 81 0
55 82 0
55 83 0
55 84 0
55 85 0
55 86 0
55 87 0
55 88 0
55 89 0
55 90 0
55 91 0
55 92 0
55 93 0
55 94 0
56 57 0
56 58 0
56 59 0
56 60 0
56 61 0
56 62 0
56 63 0
56 64 0
56 65 0
56 66 0
56 67 0
56 68 0
56 69 0
56 70 0
56 71 0
56 72 0
56 73 0
56 74 0
56 75 0
56 76 0
56 77 0
56 78 0
56 79 0
56 80 0
56 81 0
56 82 0
56 83 0
56 84 0
56 85 0
56 86 0
56 87 0
56 88 0
56 89 0
56 90 0
56 91 0
56 92 0
56 93 0
56 94 0
57 58 0
57 59 0
57 60 0
57 61 0
57 62 0
57 63 0
57 64 0
57 65 0
57 66 0
57 67 0
57 68 0
57 69 0
57 70 0
57 71 0
57 72 0
57 73 0
57 74 0
57 75 0
57 76 0
57 77 0
57 78 0
57 79 0
57 80 0
57 81 0
57 82 0
57 83 0
57 84 0
57 85 0
57 86 0
57 87 0
57 88 0
57 89 0
57 90 0
57 91 0
57 92 0
57 93 0
57 94 0
58 59 0
58 60 0
58 61 0
58 62 0
58 63 0
58 64 0
58 65 0
58 66 0
58 67 0
58 68 0
58 69 0
58 70 0
58 71 0
58 72 0
58 73 0
58 74 0
58 75 0
58 76 0
58 77 0
58 78 0
58 79 0
58 80 0
58 81 0
58 82 0
58 83 0
58 84 0
58 85 0
58 86 0
58 87 0
58 88 0
58 89 0
58 90 0
58 91 0
58 92 0
58 93 0
58 94 0
59 60 0
59 61 0
59 62 0
59 63 0
59 64 0
59 65 0
59 66 0
59 67 0
59 68 0
59 69 0
59 70 0
59 71 0
59 72 0
59 73 0
59 74 0
59 75 0
59 76 0
59 77 0
59 78 0
59 79 0
59 80 0
59 81 0
59 82 0
59 83 0
59 84 0
59 85 0
59 86 0
59 87 0
59 88 0
59 89 0
59 90 0
59 91 0
59 92 0
59 93 0
59 94 0
60 61 0
60 62 0
60 63 0
60 64 0
60 65 0
60 66 0
60 67 0
60 68 0
60 69 0
60 70 0
60 71 0
60 72 0
60 73 0
60 74 0
60 75 0
60 76 0
60 77 0
60 78 0
60 79 0
60 80 0
60 81 0
60 82 0
60 83 0
60 84 0
60 85 0
60 86 0
60 87 0
60 88 0
60 89 0
60 90 0
60 91 0
60 92 0
60 93 0
60 94 0
61 62 0
61 63 0
61 64 0
61 65 0
61 66 0
61 67 0
61 68 0
61 69 0
61 70 0
61 71 0
61 72 0
61 73 0
61 74 0
61 75 0
61 76 0
61 77 0
61 78 0
61 79 0
61 80 0
61 81 0
61 82 0
61 83 0
61 84 0
61 85 0
61 86 0
61 87 0
61 88 0
61 89 0
61 90 0
61 91 0
61 92 0
61 93 0
61 94 0
62 63 0
62 64 0
62 65 0
62 66 0
62 67 0
62 68 0
62 69 0
62 70 0
62 71 0
62 72 0
62 73 0
62 74 0
62 75 0
62 76 0
62 77 0
62 78 0
62 79 0
62 80 0
62 81 0
62 82 0
62 83 0
62 84 0
62 85 0
62 86 0
62 87 0
62 88 0
62 89 0
62 90 0
62 91 0
62 92 0
62 93 0
62 94 0
63 64 0
63 65 0
63 66 0
63 67 0
63 68 0
63 69 0
63 70 0
63 71 0
63 72 0
63 73 0
63 74 0
63 75 0
63 76 0
63 77 0
63 78 0
63 79 0
63 80 0
63 81 0
63 82 0
63 83 0
63 84 0
63 85 0
63 86 0
63 87 0
63 88 0
63 89 0
63 90 0
63 91 0
63 92 0
63 93 0
63 94 0
64 65 0
64 66 0
64 67 0
64 68 0
64 69 0
64 70 0
64 71 0
64 72 0
64 73 0
64 74 0
64 75 0
64 76 0
64 77 0
64 78 0
64 79 0
64 80 0
64 81 0
64 82 0
64 83 0
64 84 0
64 85 0
64 86 0
64 87 0
64 88 0
64 89 0
64 90 0
64 91 0
64 92 0
64 93 0
64 94 0
65 66 0
65 67 0
65 68 0
65 69 0
65 70 0
65 71 0
65 72 0
65 73 0
65 74 0
65 75 0
65 76 0
65 77 0
65 78 0
65 79 0
65 80 0
65 81 0
65 82 0
65 83 0
65 84 0
65 85 0
65 86 0
65 87 0
65 88 0
65 89 0
65 90 0
65 91 0
65 92 0
65 93 0
65 94 0
66 67 0
66 68 0
66 69 0
66 70 0
66 71 0
66 72 0
66 73 0
66 74 0
66 75 0
66 76 0
66 77 0
66 78 0
66 79 0
66 80 0
66 81 0
66 82 0
66 83 0
66 84 0
66 85 0
66 86 0
66 87 0
66 88 0
66 89 0
66 90 0
66 91 0
66 92 0
66 93 0
66 94 0
67 68 0
67 69 0
67 70 0
67 71 0
67 72 0
67 73 0
67 74 0
67 75 0
67 76 0
67 77 0
67 78 0
67 79 0
67 80 0
67 81 0
67 82 0
67 83 0
67 84 0
67 85 0
67 86 0
67 87 0
67 88 0
67 89 0
67 90 0
67 91 0
67 92 0
67 93 0
67 94 0
68 69 0
68 70 0
68 71 0
68 72 0
68 73 0
68 74 0
68 75 0
68 76 0
68 77 0
68 78 0
68 79 0
68 80 0
68 81 0
68 82 0
68 83 0
68 84 0
68 85 0
68 86 0
68 87 0
68 88 0
68 89 0
68 90 0
68 91 0
68 92 0
68 93 0
68 94 0
69 70 0
69 71 0
69 72 0
69 73 0
69 74 0
69 75 0
69 76 0
69 77 0
69 78 0
69 79 0
69 80 0
69 81 0
69 82 0
69 83 0
69 84 0
69 85 0
69 86 0
69 87 0
69 88 0
69 89 0
69 90 0
69 91 0
69 92 0
69 93 0
69 94 0
70 71 0
70 72 0
70 73 0
70 74 0
70 75 0
70 76 0
70 77 0
70 78 0
70 79 0
70 80 0
70 81 0
70 82 0
70 83 0
70 84 0
70 85 0
70 86 0
70 87 0
70 88 0
70 89 0
70 90 0
70 91 0
70 92 0
70 93 0
70 94 0
71 72 0
71 73 0
71 74 0
71 75 0
71 76 0
71 77 0
71 78 0
71 79 0
71 80 0
71 81 0
71 82 0
71 83 0
71 84 0
71 85 0
71 86 0
71 87 0
71 88 0
71 89 0
71 90 0
71 91 0
71 92 0
71 93 0
71 94 0
72 73 0
72 74 0
72 75 0
72 76 0
72 77 0
72 78 0
72 79 0
72 80 0
72 81 0
72 82 0
72 83 0
72 84 0
72 85 0
72 86 0
72 87 0
72 88 0
72 89 0
72 90 0
72 91 0
72 92 0
72 93 0
72 94 0
73 74 0
73 75 0
73 76 0
73 77 0
73 78 0
73 79 0
73 80 0
73 81 0
73 82 0
73 83 0
73 84 0
73 85 0
73 86 0
73 87 0
73 88 0
73 89 0
73 90 0
73 91 0
73 92 0
73 93 0
73 94 0
74 75 0
74 76 0
74 77 0
74 78 0
74 79 0
74 80 0
74 81 0
74 82 0
74 83 0
74 84 0
74 85 0
74 86 0
74 87 0
74 88 0
74 89 0
74 90 0
74 91 0
74 92 0
74 93 0
74 94 0
75 76 0
75 77 0
75 78 0
75 79 0
75 80 0
75 81 0
75 82 0
75 83 0
75 84 0
75 85 0
75 86 0
75 87 0
75 88 0
75 89 0
75 90 0
75 91 0
75 92 0
75 93 0
75 94 0
76 77 0
76 78 0
76 79 0
76 80 0
76 81 0
76 82 0
76 83 0
76 84 0
76 85 0
76 86 0
76 87 0
76 88 0
76 89 0
76 90 0
76 91 0
76 92 0
76 93 0
76 94 0
77 78 0
77 79 0
77 80 0
77 81 0
77 82 0
77 83 0
77 84 0
77 85 0
77 86 0
77 87 0
77 88 0
77 89 0
77 90 0
77 91 0
77 92 0
77 93 0
77 94 0
78 79 0
78 80 0
78 81 0
78 82 0
78 83 0
78 84 0
78 85 0
78 86 0
78 87 0
78 88 0
78 89 0
78 90 0
78 91 0
78 92 0
78 93 0
78 94 0
79 80 0
79 81 0
79 82 0
79 83 0
79 84 0
79 85 0
79 86 0
79 87 0
79 88 0
79 89 0
79 90 0
79 91 0
79 92 0
79 93 0
79 94 0
80 81 0
80 82 0
80 83 0
80 84 0
80 85 0
80 86 0
80 87 0
80 88 0
80 89 0
80 90 0
80 91 0
80 92 0
80 93 0
80 94 0
81 82 0
81 83 0
81 84 0
81 85 0
81 86 0
81 87 0
81 88 0
81 89 0
81 90 0
81 91 0
81 92 0
81 93 0
81 94 0
82 83 0
82 84 0
82 85 0
82 86 0
82 87 0
82 88 0
82 89 0
82 90 0
82 91 0
82 92 0
82 93 0
82 94 0
83 84 0
83 85 0
83 86 0
83 87 0
83 88 0
83 89 0
83 90 0
83 91 0
83 92 0
83 93 0
83 94 0
84 85 0
84 86 0
84 87 0
84 88 0
84 89 0
84 90 0
84 91 0
84 92 0
84 93 0
84 94 0
85 86 0
85 87 0
85 88 0
85 89 0
85 90 0
85 91 0
85 92 0
85 93 0
85 94 0
86 87 0
86 88 0
86 89 0
86 90 0
86 91 0
86 92 0
86 93 0
86 94 0
87 88 0
87 89 0
87 90 0
87 91 0
87 92 0
87 93 0
87 94 0
88 89 0
88 90 0
88 91 0
88 92 0
88 93 0
88 94 0
89 90 0
89 91 0
89 92 0
89 93 0
89 94 0
90 91 0
90 92 0
90 93 0
90 94 0
91 92 0
91 93 0
91 94 0
92 93 0
92 94 0
93 94 0
